fileNam	objNam	objNum	location	objLocRating_avg	objLocRating_SD	objRating_avg	objRating_SD
1_1.png	microwave	1	1	91.9166666666667	7.96345821026686	99.25	1.16189500386223
2_1.png	kitchen roll	2	1	66.4166666666667	27.9775207383833	98.125	2.47361072119281
3_1.png	saucepan	3	1	37	38.6933456811375	96.5833333333333	7.54431353183752
4_1.png	toaster	4	1	2.83333333333333	26.0651427517032	99.1666666666667	1.43759057685652
5_1.png	fruit bowl	5	1	63.75	25.7201283045011	90.4583333333333	13.5484470204768
6_1.png	tea pot	6	1	66.5	29.7174191342384	97.0416666666667	3.86463667977556
7_1.png	knife	7	1	-8.41666666666667	52.0751060168548	99.2916666666667	1.12268279877562
8_1.png	mixer	8	1	60.5833333333333	34.5284906514413	96.7083333333333	5.6400723990625
9_1.png	bread	9	1	16.9583333333333	41.0975719071902	98.875	2.10802039838328
10_1.png	glass jug	10	1	71.5833333333333	33.6053071205527	88.2916666666667	18.3850596046536
11_1.png	mug	11	1	57.4166666666667	38.6065624818717	93.5416666666667	14.8487513504223
12_1.png	dishes	12	1	87.6666666666667	22.7934566634082	95.2083333333333	11.0186395106958
13_1.png	towels	13	1	18.2083333333333	72.0288859879609	18.4583333333333	75.6770137932693
14_1.png	toy	14	1	-7.04166666666667	26.1282493991975	13.5833333333333	50.341997046866
15_1.png	pile of books	15	1	-1.45833333333333	35.3484146273446	3.91666666666667	41.1790804495033
16_1.png	umbrella	16	1	-8.04166666666667	60.3240036524986	-5.375	74.6037448791949
17_1.png	hat	17	1	-11.375	33.3993824793214	-27.7916666666667	53.3651142289292
18_1.png	helmet	18	1	-4.375	51.9381242441427	-46.8333333333333	68.3042214410403
19_1.png	calendar	19	1	50.625	20.130045951264	39.4583333333333	41.0759712808677
20_1.png	fan	20	1	14.6666666666667	45.8406660800938	39.0416666666667	28.0345397084858
1_2.png	microwave	1	2	60.25	34.9177605238366	99.25	1.16189500386223
2_2.png	kitchen roll	2	2	82	8.46020094324006	98.125	2.47361072119281
3_2.png	saucepan	3	2	87.8333333333333	22.1481752446261	96.5833333333333	7.54431353183752
4_2.png	toaster	4	2	69.3333333333333	30.2632890920116	99.1666666666667	1.43759057685652
5_2.png	fruit bowl	5	2	63.8333333333333	42.6496385291443	90.4583333333333	13.5484470204768
6_2.png	tea pot	6	2	75.5833333333333	26.8605969156805	97.0416666666667	3.86463667977556
7_2.png	knife	7	2	81.375	22.2400258543015	99.2916666666667	1.12268279877562
8_2.png	mixer	8	2	63.25	30.5331786750086	96.7083333333333	5.6400723990625
9_2.png	bread	9	2	54.9166666666667	37.535871731807	98.875	2.10802039838328
10_2.png	glass jug	10	2	53.625	26.1876640806316	88.2916666666667	18.3850596046536
11_2.png	mug	11	2	74.3333333333333	22.4942585267145	93.5416666666667	14.8487513504223
12_2.png	dishes	12	2	75.8333333333333	33.7204191353943	95.2083333333333	11.0186395106958
13_2.png	towels	13	2	16.125	73.8797587299796	18.4583333333333	75.6770137932693
14_2.png	toy	14	2	-13.9583333333333	43.7525475448764	13.5833333333333	50.341997046866
15_2.png	pile of books	15	2	-9.16666666666667	33.3630284396766	3.91666666666667	41.1790804495033
16_2.png	umbrella	16	2	-0.708333333333333	57.9146822201993	-5.375	74.6037448791949
17_2.png	hat	17	2	1.20833333333333	45.5355401490601	-27.7916666666667	53.3651142289292
18_2.png	helmet	18	2	-23.375	62.201235920197	-46.8333333333333	68.3042214410403
19_2.png	calendar	19	2	25.3333333333333	49.4215708640131	39.4583333333333	41.0759712808677
20_2.png	fan	20	2	26.5	29.7657521322744	39.0416666666667	28.0345397084858
1_3.png	microwave	1	3	47.2916666666667	51.9743726914204	99.25	1.16189500386223
2_3.png	kitchen roll	2	3	65.9166666666667	27.6819736772266	98.125	2.47361072119281
3_3.png	saucepan	3	3	61.2083333333333	28.9937133990572	96.5833333333333	7.54431353183752
4_3.png	toaster	4	3	69.4166666666667	27.7406140282919	99.1666666666667	1.43759057685652
5_3.png	fruit bowl	5	3	82.9166666666667	35.4586613772526	90.4583333333333	13.5484470204768
6_3.png	tea pot	6	3	70.9583333333333	25.4751921811528	97.0416666666667	3.86463667977556
7_3.png	knife	7	3	78.9166666666667	26.6076430122374	99.2916666666667	1.12268279877562
8_3.png	mixer	8	3	61.375	35.9063887073039	96.7083333333333	5.6400723990625
9_3.png	bread	9	3	60.9166666666667	35.3813745728832	98.875	2.10802039838328
10_3.png	glass jug	10	3	58	27.7015342535391	88.2916666666667	18.3850596046536
11_3.png	mug	11	3	89.9583333333333	13.1685388964253	93.5416666666667	14.8487513504223
12_3.png	dishes	12	3	64.375	32.1324407725277	95.2083333333333	11.0186395106958
13_3.png	towels	13	3	10.875	67.9626275978203	18.4583333333333	75.6770137932693
14_3.png	toy	14	3	13.8333333333333	44.8613605084227	13.5833333333333	50.341997046866
15_3.png	pile of books	15	3	25.8333333333333	49.6391142816496	3.91666666666667	41.1790804495033
16_3.png	umbrella	16	3	-8.95833333333333	58.1917985343868	-5.375	74.6037448791949
17_3.png	hat	17	3	4.33333333333333	57.9768632013381	-27.7916666666667	53.3651142289292
18_3.png	helmet	18	3	-22.1666666666667	60.4935258243944	-46.8333333333333	68.3042214410403
19_3.png	calendar	19	3	19.4583333333333	39.406667160097	39.4583333333333	41.0759712808677
20_3.png	fan	20	3	39.9583333333333	34.5624133513079	39.0416666666667	28.0345397084858
1_4.png	microwave	1	4	-53.4583333333333	39.4792403253491	99.25	1.16189500386223
2_4.png	kitchen roll	2	4	-32.3333333333333	43.9367917202277	98.125	2.47361072119281
3_4.png	saucepan	3	4	-59	36.4214909085282	96.5833333333333	7.54431353183752
4_4.png	toaster	4	4	-79.625	21.548636847838	99.1666666666667	1.43759057685652
5_4.png	fruit bowl	5	4	-81.6666666666667	20.9055415300983	90.4583333333333	13.5484470204768
6_4.png	tea pot	6	4	-72.75	32.2862199707553	97.0416666666667	3.86463667977556
7_4.png	knife	7	4	-66.25	39.7630481728954	99.2916666666667	1.12268279877562
8_4.png	mixer	8	4	-80.25	25.6792717965288	96.7083333333333	5.6400723990625
9_4.png	bread	9	4	-85.4166666666667	21.1108187114253	98.875	2.10802039838328
10_4.png	glass jug	10	4	-59.875	29.9435928038036	88.2916666666667	18.3850596046536
11_4.png	mug	11	4	-51.5416666666667	62.0859115795739	93.5416666666667	14.8487513504223
12_4.png	dishes	12	4	-64.9583333333333	36.3040688720516	95.2083333333333	11.0186395106958
13_4.png	towels	13	4	-77.25	21.0635941852287	18.4583333333333	75.6770137932693
14_4.png	toy	14	4	40.3333333333333	37.5002222215638	13.5833333333333	50.341997046866
15_4.png	pile of books	15	4	-53.625	38.2559635873938	3.91666666666667	41.1790804495033
16_4.png	umbrella	16	4	-16.1666666666667	35.6134337949413	-5.375	74.6037448791949
17_4.png	hat	17	4	-53.1666666666667	38.953711847097	-27.7916666666667	53.3651142289292
18_4.png	helmet	18	4	-41.2083333333333	54.366215765553	-46.8333333333333	68.3042214410403
19_4.png	calendar	19	4	-58.5416666666667	48.7845817514783	39.4583333333333	41.0759712808677
20_4.png	fan	20	4	-18.375	35.5252551011249	39.0416666666667	28.0345397084858
1_5.png	microwave	1	5	-5.95833333333333	56.1510054822411	99.25	1.16189500386223
2_5.png	kitchen roll	2	5	0.958333333333333	51.1352169905112	98.125	2.47361072119281
3_5.png	saucepan	3	5	-10	60.0943008945108	96.5833333333333	7.54431353183752
4_5.png	toaster	4	5	-62.6666666666667	47.3211545364932	99.1666666666667	1.43759057685652
5_5.png	fruit bowl	5	5	-0.583333333333333	61.3931320806055	90.4583333333333	13.5484470204768
6_5.png	tea pot	6	5	-10.4166666666667	38.7452147582984	97.0416666666667	3.86463667977556
7_5.png	knife	7	5	-66.9583333333333	24.3143047744875	99.2916666666667	1.12268279877562
8_5.png	mixer	8	5	10.875	39.0306770374279	96.7083333333333	5.6400723990625
9_5.png	bread	9	5	-50.7083333333333	42.1949098430921	98.875	2.10802039838328
10_5.png	glass jug	10	5	15.1666666666667	52.9135300907685	88.2916666666667	18.3850596046536
11_5.png	mug	11	5	-15	40.4793157056786	93.5416666666667	14.8487513504223
12_5.png	dishes	12	5	-18.9583333333333	23.0404083441823	95.2083333333333	11.0186395106958
13_5.png	towels	13	5	-13.0416666666667	51.0059841260481	18.4583333333333	75.6770137932693
14_5.png	toy	14	5	36.125	35.7500874124805	13.5833333333333	50.341997046866
15_5.png	pile of books	15	5	36.875	29.7517856606961	3.91666666666667	41.1790804495033
16_5.png	umbrella	16	5	18.75	39.2845389434571	-5.375	74.6037448791949
17_5.png	hat	17	5	28.3333333333333	48.9784816696748	-27.7916666666667	53.3651142289292
18_5.png	helmet	18	5	30.9583333333333	34.1922566770119	-46.8333333333333	68.3042214410403
19_5.png	calendar	19	5	41.4583333333333	40.2987024191433	39.4583333333333	41.0759712808677
20_5.png	fan	20	5	66	29.7909382195325	39.0416666666667	28.0345397084858
1_6.png	microwave	1	6	-47.2083333333333	46.9756364157705	99.25	1.16189500386223
2_6.png	kitchen roll	2	6	-38	41.8189550323774	98.125	2.47361072119281
3_6.png	saucepan	3	6	-56.9583333333333	43.0930437155078	96.5833333333333	7.54431353183752
4_6.png	toaster	4	6	-74.75	21.6373519636761	99.1666666666667	1.43759057685652
5_6.png	fruit bowl	5	6	-58.2916666666667	34.0394685132813	90.4583333333333	13.5484470204768
6_6.png	tea pot	6	6	-58.7083333333333	48.7220218860698	97.0416666666667	3.86463667977556
7_6.png	knife	7	6	-67.2083333333333	31.2471665382106	99.2916666666667	1.12268279877562
8_6.png	mixer	8	6	-68.8333333333333	23.9612534452325	96.7083333333333	5.6400723990625
9_6.png	bread	9	6	-68.3333333333333	47.8109994317904	98.875	2.10802039838328
10_6.png	glass jug	10	6	-48.6666666666667	51.5523197020917	88.2916666666667	18.3850596046536
11_6.png	mug	11	6	-51.4583333333333	33.6390460130288	93.5416666666667	14.8487513504223
12_6.png	dishes	12	6	-53.75	34.8349680637144	95.2083333333333	11.0186395106958
13_6.png	towels	13	6	-43.4583333333333	41.1018298457218	18.4583333333333	75.6770137932693
14_6.png	toy	14	6	53.2083333333333	32.8338303684883	13.5833333333333	50.341997046866
15_6.png	pile of books	15	6	3.79166666666667	48.2126582617746	3.91666666666667	41.1790804495033
16_6.png	umbrella	16	6	-2.66666666666667	31.3678444695626	-5.375	74.6037448791949
17_6.png	hat	17	6	-35.4583333333333	63.7878155815565	-27.7916666666667	53.3651142289292
18_6.png	helmet	18	6	-20.0416666666667	65.8104126766173	-46.8333333333333	68.3042214410403
19_6.png	calendar	19	6	-64.7916666666667	27.1119976517162	39.4583333333333	41.0759712808677
20_6.png	fan	20	6	-26.5416666666667	55.2040344238233	39.0416666666667	28.0345397084858
1_7.png	microwave	1	7	8.375	56.0124428140748	99.25	1.16189500386223
2_7.png	kitchen roll	2	7	79.375	7.60715124077338	98.125	2.47361072119281
3_7.png	saucepan	3	7	77.9166666666667	26.0982119438606	96.5833333333333	7.54431353183752
4_7.png	toaster	4	7	-9.95833333333333	36.1999366942356	99.1666666666667	1.43759057685652
5_7.png	fruit bowl	5	7	25.625	47.4425310243878	90.4583333333333	13.5484470204768
6_7.png	tea pot	6	7	56.7083333333333	35.7691964777889	97.0416666666667	3.86463667977556
7_7.png	knife	7	7	68.3333333333333	40.2621617237161	99.2916666666667	1.12268279877562
8_7.png	mixer	8	7	31.2916666666667	49.9558346608949	96.7083333333333	5.6400723990625
9_7.png	bread	9	7	5.625	38.8444815900534	98.875	2.10802039838328
10_7.png	glass jug	10	7	49.9583333333333	37.6724092230198	88.2916666666667	18.3850596046536
11_7.png	mug	11	7	85.2916666666667	18.4264868237726	93.5416666666667	14.8487513504223
12_7.png	dishes	12	7	83.6666666666667	20.7476906345421	95.2083333333333	11.0186395106958
13_7.png	towels	13	7	17.7916666666667	76.4765350723126	18.4583333333333	75.6770137932693
14_7.png	toy	14	7	-6.29166666666667	45.4184479772996	13.5833333333333	50.341997046866
15_7.png	pile of books	15	7	-37.7083333333333	54.2214018323638	3.91666666666667	41.1790804495033
16_7.png	umbrella	16	7	-19.9166666666667	44.4763045527241	-5.375	74.6037448791949
17_7.png	hat	17	7	-28.7083333333333	55.6754920648814	-27.7916666666667	53.3651142289292
18_7.png	helmet	18	7	-16.4166666666667	58.0182442570151	-46.8333333333333	68.3042214410403
19_7.png	calendar	19	7	-9.95833333333333	41.7975527593024	39.4583333333333	41.0759712808677
20_7.png	fan	20	7	-15.625	52.0873665105081	39.0416666666667	28.0345397084858
1_8.png	microwave	1	8	74.2083333333333	35.8351840607338	99.25	1.16189500386223
2_8.png	kitchen roll	2	8	73.7083333333333	28.9397722290046	98.125	2.47361072119281
3_8.png	saucepan	3	8	52.2916666666667	34.2010294679366	96.5833333333333	7.54431353183752
4_8.png	toaster	4	8	-5.66666666666667	66.0580552746345	99.1666666666667	1.43759057685652
5_8.png	fruit bowl	5	8	51.3333333333333	45.2558467677566	90.4583333333333	13.5484470204768
6_8.png	tea pot	6	8	62	31.3241121183027	97.0416666666667	3.86463667977556
7_8.png	knife	7	8	14.625	46.010257008628	99.2916666666667	1.12268279877562
8_8.png	mixer	8	8	64.25	34.9005730611977	96.7083333333333	5.6400723990625
9_8.png	bread	9	8	35.5	40.1568798588735	98.875	2.10802039838328
10_8.png	glass jug	10	8	59.7083333333333	26.2309057538368	88.2916666666667	18.3850596046536
11_8.png	mug	11	8	57.5833333333333	77.9257124873855	93.5416666666667	14.8487513504223
12_8.png	dishes	12	8	71.5416666666667	31.6403289595204	95.2083333333333	11.0186395106958
13_8.png	towels	13	8	10.2083333333333	68.5936251897118	18.4583333333333	75.6770137932693
14_8.png	toy	14	8	-15.4166666666667	14.122381763239	13.5833333333333	50.341997046866
15_8.png	pile of books	15	8	19.1666666666667	31.1474985619498	3.91666666666667	41.1790804495033
16_8.png	umbrella	16	8	-14.5416666666667	52.7971156093462	-5.375	74.6037448791949
17_8.png	hat	17	8	-4.54166666666667	43.1924231395585	-27.7916666666667	53.3651142289292
18_8.png	helmet	18	8	-19.1666666666667	44.208784948997	-46.8333333333333	68.3042214410403
19_8.png	calendar	19	8	54.75	20.5292474289731	39.4583333333333	41.0759712808677
20_8.png	fan	20	8	39.7916666666667	28.725605592688	39.0416666666667	28.0345397084858
1_9.png	microwave	1	9	80.5	33.8662811657849	99.25	1.16189500386223
2_9.png	kitchen roll	2	9	60.125	21.0367238418914	98.125	2.47361072119281
3_9.png	saucepan	3	9	41.3333333333333	51.5685627748793	96.5833333333333	7.54431353183752
4_9.png	toaster	4	9	4.95833333333333	52.0200482186115	99.1666666666667	1.43759057685652
5_9.png	fruit bowl	5	9	36.75	38.399544268129	90.4583333333333	13.5484470204768
6_9.png	tea pot	6	9	68.2083333333333	30.1829491048616	97.0416666666667	3.86463667977556
7_9.png	knife	7	9	-12.0833333333333	36.5782266747127	99.2916666666667	1.12268279877562
8_9.png	mixer	8	9	45.25	35.8831436749904	96.7083333333333	5.6400723990625
9_9.png	bread	9	9	-3.04166666666667	57.0746039554079	98.875	2.10802039838328
10_9.png	glass jug	10	9	77.7083333333333	16.3687328974074	88.2916666666667	18.3850596046536
11_9.png	mug	11	9	67.6666666666667	26.9395929194683	93.5416666666667	14.8487513504223
12_9.png	dishes	12	9	81.125	25.6055413924408	95.2083333333333	11.0186395106958
13_9.png	towels	13	9	31.1666666666667	70.1421176374557	18.4583333333333	75.6770137932693
14_9.png	toy	14	9	29.875	34.4770757170616	13.5833333333333	50.341997046866
15_9.png	pile of books	15	9	21.3333333333333	45.074013207908	3.91666666666667	41.1790804495033
16_9.png	umbrella	16	9	-2.08333333333333	57.443160312318	-5.375	74.6037448791949
17_9.png	hat	17	9	-12.5833333333333	54.1416352418974	-27.7916666666667	53.3651142289292
18_9.png	helmet	18	9	-17.375	48.1652753547615	-46.8333333333333	68.3042214410403
19_9.png	calendar	19	9	41.9583333333333	29.3195398440471	39.4583333333333	41.0759712808677
20_9.png	fan	20	9	40.3333333333333	32.7118734814542	39.0416666666667	28.0345397084858
1_10.png	microwave	1	10	-75.375	35.4470555899922	99.25	1.16189500386223
2_10.png	kitchen roll	2	10	-32.6666666666667	41.1824193882131	98.125	2.47361072119281
3_10.png	saucepan	3	10	-60.8333333333333	38.9241784327771	96.5833333333333	7.54431353183752
4_10.png	toaster	4	10	-70.7916666666667	34.9615562678017	99.1666666666667	1.43759057685652
5_10.png	fruit bowl	5	10	-44.375	44.7327480711838	90.4583333333333	13.5484470204768
6_10.png	tea pot	6	10	-66.1666666666667	38.0840080173643	97.0416666666667	3.86463667977556
7_10.png	knife	7	10	-73.7916666666667	26.2127910888304	99.2916666666667	1.12268279877562
8_10.png	mixer	8	10	-75.7916666666667	26.6441441346249	96.7083333333333	5.6400723990625
9_10.png	bread	9	10	-47.375	80.892482654447	98.875	2.10802039838328
10_10.png	glass jug	10	10	-67.75	36.3114995559258	88.2916666666667	18.3850596046536
11_10.png	mug	11	10	-70.5833333333333	34.7439443164801	93.5416666666667	14.8487513504223
12_10.png	dishes	12	10	-79.9583333333333	31.9665515291635	95.2083333333333	11.0186395106958
13_10.png	towels	13	10	-26.25	37.1012129181783	18.4583333333333	75.6770137932693
14_10.png	toy	14	10	-27.875	69.7706510647564	13.5833333333333	50.341997046866
15_10.png	pile of books	15	10	-62.5833333333333	40.8205422142659	3.91666666666667	41.1790804495033
16_10.png	umbrella	16	10	-59.2916666666667	43.5994313800841	-5.375	74.6037448791949
17_10.png	hat	17	10	-62.375	21.786893996162	-27.7916666666667	53.3651142289292
18_10.png	helmet	18	10	-53.25	35.3821989141433	-46.8333333333333	68.3042214410403
19_10.png	calendar	19	10	-55.2916666666667	48.5727332632895	39.4583333333333	41.0759712808677
20_10.png	fan	20	10	-52.5416666666667	43.4707995862357	39.0416666666667	28.0345397084858
1_11.png	microwave	1	11	-28	59.7634922005065	99.25	1.16189500386223
2_11.png	kitchen roll	2	11	-31.0416666666667	57.2539118023098	98.125	2.47361072119281
3_11.png	saucepan	3	11	7.79166666666667	47.5248399962237	96.5833333333333	7.54431353183752
4_11.png	toaster	4	11	-56.8333333333333	33.8591445058298	99.1666666666667	1.43759057685652
5_11.png	fruit bowl	5	11	-29.3333333333333	53.5277186760903	90.4583333333333	13.5484470204768
6_11.png	tea pot	6	11	-0.416666666666667	45.2994665163583	97.0416666666667	3.86463667977556
7_11.png	knife	7	11	-43.4583333333333	46.37467430254	99.2916666666667	1.12268279877562
8_11.png	mixer	8	11	-3.58333333333333	55.2289929897936	96.7083333333333	5.6400723990625
9_11.png	bread	9	11	-49.875	55.0110784297127	98.875	2.10802039838328
10_11.png	glass jug	10	11	0.791666666666667	63.5614695917792	88.2916666666667	18.3850596046536
11_11.png	mug	11	11	-5.08333333333333	57.0871409922293	93.5416666666667	14.8487513504223
12_11.png	dishes	12	11	10.9583333333333	45.9930474818387	95.2083333333333	11.0186395106958
13_11.png	towels	13	11	-14.7916666666667	61.5906682596208	18.4583333333333	75.6770137932693
14_11.png	toy	14	11	38.75	28.4372115369985	13.5833333333333	50.341997046866
15_11.png	pile of books	15	11	52.375	44.7961354359949	3.91666666666667	41.1790804495033
16_11.png	umbrella	16	11	8.625	36.7361368409908	-5.375	74.6037448791949
17_11.png	hat	17	11	-26	47.8084720525557	-27.7916666666667	53.3651142289292
18_11.png	helmet	18	11	0.5	47.3339201841555	-46.8333333333333	68.3042214410403
19_11.png	calendar	19	11	-17.375	54.2565088261307	39.4583333333333	41.0759712808677
20_11.png	fan	20	11	-10.5	62.7471114873027	39.0416666666667	28.0345397084858
1_12.png	microwave	1	12	-65.0833333333333	38.7097102374413	99.25	1.16189500386223
2_12.png	kitchen roll	2	12	4.875	41.153599478053	98.125	2.47361072119281
3_12.png	saucepan	3	12	-36.5416666666667	25.9650807175072	96.5833333333333	7.54431353183752
4_12.png	toaster	4	12	-66.3333333333333	22.9345082063398	99.1666666666667	1.43759057685652
5_12.png	fruit bowl	5	12	-20.7083333333333	28.0563792508347	90.4583333333333	13.5484470204768
6_12.png	tea pot	6	12	-36.2083333333333	40.0416710024278	97.0416666666667	3.86463667977556
7_12.png	knife	7	12	-55.5	36.2966940643359	99.2916666666667	1.12268279877562
8_12.png	mixer	8	12	-62.1666666666667	35.4244501251137	96.7083333333333	5.6400723990625
9_12.png	bread	9	12	-55.9583333333333	35.3932962108175	98.875	2.10802039838328
10_12.png	glass jug	10	12	-38.2916666666667	34.0783716844961	88.2916666666667	18.3850596046536
11_12.png	mug	11	12	-33.625	31.1531499209951	93.5416666666667	14.8487513504223
12_12.png	dishes	12	12	-14.5416666666667	41.0083578879558	95.2083333333333	11.0186395106958
13_12.png	towels	13	12	-14.0833333333333	47.8488941007696	18.4583333333333	75.6770137932693
14_12.png	toy	14	12	6.5	60.8685058137622	13.5833333333333	50.341997046866
15_12.png	pile of books	15	12	8.70833333333333	42.0581195093964	3.91666666666667	41.1790804495033
16_12.png	umbrella	16	12	3.20833333333333	42.2564837234083	-5.375	74.6037448791949
17_12.png	hat	17	12	-1.875	50.0753806775345	-27.7916666666667	53.3651142289292
18_12.png	helmet	18	12	-26	55.1014972573341	-46.8333333333333	68.3042214410403
19_12.png	calendar	19	12	-33.7916666666667	40.401861549521	39.4583333333333	41.0759712808677
20_12.png	fan	20	12	-41.25	52.9154986747739	39.0416666666667	28.0345397084858
1_13.png	microwave	1	13	-95.5833333333333	5.51966182538991	99.25	1.16189500386223
2_13.png	kitchen roll	2	13	-48.5416666666667	53.9227263467517	98.125	2.47361072119281
3_13.png	saucepan	3	13	98.0833333333333	4.69485534033443	96.5833333333333	7.54431353183752
4_13.png	toaster	4	13	-74.9583333333333	30.6514341698177	99.1666666666667	1.43759057685652
5_13.png	fruit bowl	5	13	-69.8333333333333	33.9247942759668	90.4583333333333	13.5484470204768
6_13.png	tea pot	6	13	19.5416666666667	31.9778894967549	97.0416666666667	3.86463667977556
7_13.png	knife	7	13	-24.0833333333333	56.9646088959335	99.2916666666667	1.12268279877562
8_13.png	mixer	8	13	-64.9583333333333	38.8675367970067	96.7083333333333	5.6400723990625
9_13.png	bread	9	13	-62.6666666666667	35.7136761852748	98.875	2.10802039838328
10_13.png	glass jug	10	13	-76.0833333333333	29.5201908304582	88.2916666666667	18.3850596046536
11_13.png	mug	11	13	-36.4166666666667	35.7532049845418	93.5416666666667	14.8487513504223
12_13.png	dishes	12	13	-32.9166666666667	36.2969236529305	95.2083333333333	11.0186395106958
13_13.png	towels	13	13	-73.5833333333333	20.4466786218854	18.4583333333333	75.6770137932693
14_13.png	toy	14	13	-78.5416666666667	35.8874687971535	13.5833333333333	50.341997046866
15_13.png	pile of books	15	13	-90.2083333333333	6.10617856491822	3.91666666666667	41.1790804495033
16_13.png	umbrella	16	13	-86.5	17.6096564418503	-5.375	74.6037448791949
17_13.png	hat	17	13	-91.4583333333333	9.17526112253306	-27.7916666666667	53.3651142289292
18_13.png	helmet	18	13	-82	32.9161814310226	-46.8333333333333	68.3042214410403
19_13.png	calendar	19	13	-61.6666666666667	48.6761406303609	39.4583333333333	41.0759712808677
20_13.png	fan	20	13	-92.2916666666667	10.2095747544482	39.0416666666667	28.0345397084858
1_14.png	microwave	1	14	-17.2916666666667	63.4488803421043	99.25	1.16189500386223
2_14.png	kitchen roll	2	14	69.875	34.5650654563245	98.125	2.47361072119281
3_14.png	saucepan	3	14	67.75	22.9166969696769	96.5833333333333	7.54431353183752
4_14.png	toaster	4	14	-33.6666666666667	29.5827934223032	99.1666666666667	1.43759057685652
5_14.png	fruit bowl	5	14	15.2916666666667	38.390889761331	90.4583333333333	13.5484470204768
6_14.png	tea pot	6	14	47.75	53.4495088845538	97.0416666666667	3.86463667977556
7_14.png	knife	7	14	88.5	13.5895180194148	99.2916666666667	1.12268279877562
8_14.png	mixer	8	14	29.4166666666667	41.0477364377948	96.7083333333333	5.6400723990625
9_14.png	bread	9	14	8.75	41.9913681606113	98.875	2.10802039838328
10_14.png	glass jug	10	14	40.9166666666667	31.4903424348905	88.2916666666667	18.3850596046536
11_14.png	mug	11	14	73.4166666666667	32.5010256248425	93.5416666666667	14.8487513504223
12_14.png	dishes	12	14	73	34.1016861753198	95.2083333333333	11.0186395106958
13_14.png	towels	13	14	0.5	69.1794767253988	18.4583333333333	75.6770137932693
14_14.png	toy	14	14	-41.7916666666667	61.4551496350523	13.5833333333333	50.341997046866
15_14.png	pile of books	15	14	-35.0416666666667	16.8763271083096	3.91666666666667	41.1790804495033
16_14.png	umbrella	16	14	-18.4166666666667	38.4033418684711	-5.375	74.6037448791949
17_14.png	hat	17	14	-28.6666666666667	39.2764772690559	-27.7916666666667	53.3651142289292
18_14.png	helmet	18	14	-14.2916666666667	44.1719415089111	-46.8333333333333	68.3042214410403
19_14.png	calendar	19	14	-15.9166666666667	29.8549270082288	39.4583333333333	41.0759712808677
20_14.png	fan	20	14	-51.6666666666667	36.3337538201968	39.0416666666667	28.0345397084858
1_15.png	microwave	1	15	-5.20833333333333	46.3183054166133	99.25	1.16189500386223
2_15.png	kitchen roll	2	15	23.7083333333333	38.6595449619711	98.125	2.47361072119281
3_15.png	saucepan	3	15	17.1666666666667	44.2421367778125	96.5833333333333	7.54431353183752
4_15.png	toaster	4	15	-41.4166666666667	45.4306247664135	99.1666666666667	1.43759057685652
5_15.png	fruit bowl	5	15	13.6666666666667	48.723625344043	90.4583333333333	13.5484470204768
6_15.png	tea pot	6	15	36.3333333333333	42.8032319651994	97.0416666666667	3.86463667977556
7_15.png	knife	7	15	-31.7083333333333	62.8670057873497	99.2916666666667	1.12268279877562
8_15.png	mixer	8	15	25.7916666666667	70.61682106033	96.7083333333333	5.6400723990625
9_15.png	bread	9	15	-34.1666666666667	63.846234553548	98.875	2.10802039838328
10_15.png	glass jug	10	15	49.9583333333333	35.764653174142	88.2916666666667	18.3850596046536
11_15.png	mug	11	15	31.7083333333333	32.1432017177298	93.5416666666667	14.8487513504223
12_15.png	dishes	12	15	56.25	30.1081384346492	95.2083333333333	11.0186395106958
13_15.png	towels	13	15	44.3333333333333	53.292979525137	18.4583333333333	75.6770137932693
14_15.png	toy	14	15	55.1666666666667	35.383847539049	13.5833333333333	50.341997046866
15_15.png	pile of books	15	15	77.25	32.0242095921195	3.91666666666667	41.1790804495033
16_15.png	umbrella	16	15	23.9166666666667	57.8827838538081	-5.375	74.6037448791949
17_15.png	hat	17	15	10.7916666666667	33.2781522423747	-27.7916666666667	53.3651142289292
18_15.png	helmet	18	15	7.66666666666667	45.2185433939072	-46.8333333333333	68.3042214410403
19_15.png	calendar	19	15	66.4583333333333	19.9520780037235	39.4583333333333	41.0759712808677
20_15.png	fan	20	15	35.7083333333333	47.025901550812	39.0416666666667	28.0345397084858
1_16.png	microwave	1	16	-61.9583333333333	38.2401675815714	99.25	1.16189500386223
2_16.png	kitchen roll	2	16	-37.125	45.5589590530776	98.125	2.47361072119281
3_16.png	saucepan	3	16	-59.0833333333333	35.360170625531	96.5833333333333	7.54431353183752
4_16.png	toaster	4	16	-71.3333333333333	23.8005602174963	99.1666666666667	1.43759057685652
5_16.png	fruit bowl	5	16	-80.5833333333333	29.0622894257604	90.4583333333333	13.5484470204768
6_16.png	tea pot	6	16	-68.2083333333333	37.0298584478346	97.0416666666667	3.86463667977556
7_16.png	knife	7	16	-53.4166666666667	22.5259110063648	99.2916666666667	1.12268279877562
8_16.png	mixer	8	16	-71.8333333333333	29.2897877538685	96.7083333333333	5.6400723990625
9_16.png	bread	9	16	-88.75	19.3287350853593	98.875	2.10802039838328
10_16.png	glass jug	10	16	-66.7083333333333	38.6950955117915	88.2916666666667	18.3850596046536
11_16.png	mug	11	16	-58.2916666666667	49.075558241009	93.5416666666667	14.8487513504223
12_16.png	dishes	12	16	-76.4166666666667	18.5759701406593	95.2083333333333	11.0186395106958
13_16.png	towels	13	16	-55.9583333333333	35.3183439117219	18.4583333333333	75.6770137932693
14_16.png	toy	14	16	23.7083333333333	37.9975054005742	13.5833333333333	50.341997046866
15_16.png	pile of books	15	16	-3.79166666666667	33.7006738310478	3.91666666666667	41.1790804495033
16_16.png	umbrella	16	16	-21.2916666666667	39.3622333800645	-5.375	74.6037448791949
17_16.png	hat	17	16	-41.0416666666667	43.8743708406932	-27.7916666666667	53.3651142289292
18_16.png	helmet	18	16	-45.9583333333333	55.5018956132731	-46.8333333333333	68.3042214410403
19_16.png	calendar	19	16	-51.1666666666667	32.6491449607286	39.4583333333333	41.0759712808677
20_16.png	fan	20	16	-47.0833333333333	41.8092892389558	39.0416666666667	28.0345397084858
1_17.png	microwave	1	17	-4.95833333333333	35.9747886257399	99.25	1.16189500386223
2_17.png	kitchen roll	2	17	79.7083333333333	22.4524033605907	98.125	2.47361072119281
3_17.png	saucepan	3	17	55.7083333333333	25.5589596162807	96.5833333333333	7.54431353183752
4_17.png	toaster	4	17	12.5416666666667	33.7114285764734	99.1666666666667	1.43759057685652
5_17.png	fruit bowl	5	17	86.6666666666667	20.9592859293123	90.4583333333333	13.5484470204768
6_17.png	tea pot	6	17	79.375	29.0128204420046	97.0416666666667	3.86463667977556
7_17.png	knife	7	17	56.5416666666667	22.5107844524945	99.2916666666667	1.12268279877562
8_17.png	mixer	8	17	21.7083333333333	27.7751762670674	96.7083333333333	5.6400723990625
9_17.png	bread	9	17	69.6666666666667	23.7158526447325	98.875	2.10802039838328
10_17.png	glass jug	10	17	59.8333333333333	32.390070494932	88.2916666666667	18.3850596046536
11_17.png	mug	11	17	81.875	28.235947832506	93.5416666666667	14.8487513504223
12_17.png	dishes	12	17	76.1666666666667	32.5805412273441	95.2083333333333	11.0186395106958
13_17.png	towels	13	17	20.8333333333333	66.5923544160038	18.4583333333333	75.6770137932693
14_17.png	toy	14	17	33.5	43.5912835323761	13.5833333333333	50.341997046866
15_17.png	pile of books	15	17	45.5416666666667	32.3988490021894	3.91666666666667	41.1790804495033
16_17.png	umbrella	16	17	25.9166666666667	53.2206883332663	-5.375	74.6037448791949
17_17.png	hat	17	17	12.375	46.333505695123	-27.7916666666667	53.3651142289292
18_17.png	helmet	18	17	20.2916666666667	37.3966631755651	-46.8333333333333	68.3042214410403
19_17.png	calendar	19	17	55.4166666666667	24.0617261780336	39.4583333333333	41.0759712808677
20_17.png	fan	20	17	52.9166666666667	35.6912687735623	39.0416666666667	28.0345397084858
1_18.png	microwave	1	18	-5.66666666666667	55.2061288868063	99.25	1.16189500386223
2_18.png	kitchen roll	2	18	62.25	30.9200582146929	98.125	2.47361072119281
3_18.png	saucepan	3	18	41.4583333333333	20.5550581771657	96.5833333333333	7.54431353183752
4_18.png	toaster	4	18	-10.375	35.7780484375546	99.1666666666667	1.43759057685652
5_18.png	fruit bowl	5	18	88.5416666666667	23.2956093860338	90.4583333333333	13.5484470204768
6_18.png	tea pot	6	18	73.6666666666667	33.6966862861419	97.0416666666667	3.86463667977556
7_18.png	knife	7	18	60.9166666666667	28.209336515889	99.2916666666667	1.12268279877562
8_18.png	mixer	8	18	20.1666666666667	43.2916466153306	96.7083333333333	5.6400723990625
9_18.png	bread	9	18	45	23.0797530316076	98.875	2.10802039838328
10_18.png	glass jug	10	18	63.0416666666667	28.1173508116726	88.2916666666667	18.3850596046536
11_18.png	mug	11	18	92.3333333333333	9.65099304044235	93.5416666666667	14.8487513504223
12_18.png	dishes	12	18	79.9166666666667	19.1211052679145	95.2083333333333	11.0186395106958
13_18.png	towels	13	18	5.20833333333333	54.1752749570011	18.4583333333333	75.6770137932693
14_18.png	toy	14	18	15	47.0390794977963	13.5833333333333	50.341997046866
15_18.png	pile of books	15	18	48.875	38.00386493503	3.91666666666667	41.1790804495033
16_18.png	umbrella	16	18	19.75	48.5574402125977	-5.375	74.6037448791949
17_18.png	hat	17	18	9.66666666666667	50.2577523041637	-27.7916666666667	53.3651142289292
18_18.png	helmet	18	18	8.58333333333333	45.5570155592601	-46.8333333333333	68.3042214410403
19_18.png	calendar	19	18	54.125	26.9085256006345	39.4583333333333	41.0759712808677
20_18.png	fan	20	18	33.4166666666667	31.5074065366648	39.0416666666667	28.0345397084858
1_19.png	microwave	1	19	42.4166666666667	46.9336410974758	99.25	1.16189500386223
2_19.png	kitchen roll	2	19	79.7083333333333	35.4342407378325	98.125	2.47361072119281
3_19.png	saucepan	3	19	70.9583333333333	24.1316268963919	96.5833333333333	7.54431353183752
4_19.png	toaster	4	19	53.875	35.1854906175827	99.1666666666667	1.43759057685652
5_19.png	fruit bowl	5	19	84.5416666666667	27.3790141653542	90.4583333333333	13.5484470204768
6_19.png	tea pot	6	19	67.125	29.7391787041942	97.0416666666667	3.86463667977556
7_19.png	knife	7	19	64.2916666666667	23.4757410248679	99.2916666666667	1.12268279877562
8_19.png	mixer	8	19	62.4583333333333	38.4796753711185	96.7083333333333	5.6400723990625
9_19.png	bread	9	19	72.7083333333333	25.373419491008	98.875	2.10802039838328
10_19.png	glass jug	10	19	64.1666666666667	39.6086059672222	88.2916666666667	18.3850596046536
11_19.png	mug	11	19	91.1666666666667	8.32866535926775	93.5416666666667	14.8487513504223
12_19.png	dishes	12	19	80.1666666666667	23.6958153830305	95.2083333333333	11.0186395106958
13_19.png	towels	13	19	25.125	65.2006039082461	18.4583333333333	75.6770137932693
14_19.png	toy	14	19	0.708333333333333	57.2370982551235	13.5833333333333	50.341997046866
15_19.png	pile of books	15	19	33.7916666666667	40.3185492877245	3.91666666666667	41.1790804495033
16_19.png	umbrella	16	19	1.625	55.2643081020653	-5.375	74.6037448791949
17_19.png	hat	17	19	14.6666666666667	55.5285212000704	-27.7916666666667	53.3651142289292
18_19.png	helmet	18	19	8.95833333333333	59.1894029085162	-46.8333333333333	68.3042214410403
19_19.png	calendar	19	19	44	32.536133759253	39.4583333333333	41.0759712808677
20_19.png	fan	20	19	48.25	36.1424265925795	39.0416666666667	28.0345397084858
1_20.png	microwave	1	20	25.5	56.9949559171687	99.25	1.16189500386223
2_20.png	kitchen roll	2	20	73.8333333333333	23.7306061167149	98.125	2.47361072119281
3_20.png	saucepan	3	20	74.8333333333333	32.7027012136103	96.5833333333333	7.54431353183752
4_20.png	toaster	4	20	30.0833333333333	23.3905251473041	99.1666666666667	1.43759057685652
5_20.png	fruit bowl	5	20	33.0416666666667	40.8039264858992	90.4583333333333	13.5484470204768
6_20.png	tea pot	6	20	74.875	36.0595861041138	97.0416666666667	3.86463667977556
7_20.png	knife	7	20	74.4166666666667	24.2366801907082	99.2916666666667	1.12268279877562
8_20.png	mixer	8	20	49.6666666666667	39.4533479779178	96.7083333333333	5.6400723990625
9_20.png	bread	9	20	45.1666666666667	33.660684286964	98.875	2.10802039838328
10_20.png	glass jug	10	20	68.0416666666667	25.9477439610203	88.2916666666667	18.3850596046536
11_20.png	mug	11	20	62.875	33.9888768569954	93.5416666666667	14.8487513504223
12_20.png	dishes	12	20	69.6666666666667	33.0244858652889	95.2083333333333	11.0186395106958
13_20.png	towels	13	20	18.5	75.898945974236	18.4583333333333	75.6770137932693
14_20.png	toy	14	20	0.958333333333333	42.0851567261745	13.5833333333333	50.341997046866
15_20.png	pile of books	15	20	-17.375	54.4161625806157	3.91666666666667	41.1790804495033
16_20.png	umbrella	16	20	0.0416666666666667	39.7329890225574	-5.375	74.6037448791949
17_20.png	hat	17	20	-14.3333333333333	44.4616876272895	-27.7916666666667	53.3651142289292
18_20.png	helmet	18	20	-2.66666666666667	51.4681131057538	-46.8333333333333	68.3042214410403
19_20.png	calendar	19	20	12.875	46.9051569659457	39.4583333333333	41.0759712808677
20_20.png	fan	20	20	23.4583333333333	44.004379516892	39.0416666666667	28.0345397084858
