92	100	67.25	-100	-88.75	-85.75	76.5	10	94.5	-89.5	-87	-100	-100	68.5	-39.75	-100	-29.5	-25.5	100	54.5
34.5	90	73.75	-97	-90	-74.5	83.5	75.5	79.5	-78.25	-89	-35	-9.25	72	-34.5	-94.5	81	43.5	100	52.25
40	93.5	73.75	-95	-89.5	-95.5	100	80	60	-84.5	20	-30	100	59.5	-6	-97.5	69	40.25	85.75	63
7	87.5	75.5	-100	-100	-100	10.25	-75	5.75	-100	-96.25	-41.25	-18.75	4	-84.5	-96	-10.5	9.75	80	15.5
81.25	96	100	-100	-75.5	-59.5	44.5	91.75	24.25	-87	-76.5	-29.5	-7.5	29.5	-31.5	-100	100	99.5	100	69
85.5	94.25	98.75	-90	-19.75	-100	92	97.25	88.75	-98	6	-42.25	60	96	59.5	-99.5	100	100	97.5	92.25
-46	97.25	90.5	-100	-100	-96	92.25	-34.5	-21.25	-100	-99.25	-91.25	29.75	100	-93	-78.5	59.5	44.25	73.75	92.5
88.5	82.5	83.25	-98.25	3.25	-84.75	90.25	98.5	76.5	-79.5	-79.5	-79.5	3.75	79.5	80	-100	60.25	17.75	90.25	60.25
8.5	96.25	95.75	-96.5	-100	-99.5	-20	19.5	-79.5	-100	-87.75	-9.75	2.75	-9.5	-96.75	-100	89.5	39.5	89.5	67.5
72.25	59.5	81.5	-59.75	-80.25	-98	89.5	59.5	63.25	-90.25	-21.5	-9	-39.5	69.5	-4.5	-100	89.75	89.5	100	58.75
10	90.25	100	-100	-93	-98.75	100	81.25	75.5	-100	-60	4.25	4.25	100	8.25	-99.5	100	98.5	100	94.25
97.5	91	73.5	-97.25	-60.5	-100	82.5	91.75	96.5	-97	9.5	4	12.25	95.5	29.75	-98.5	64.5	89.75	89	94.25
-100	-100	-100	-100	-96	-99.5	-100	-100	-99.75	-18	-80	-72.5	-100	-100	-39.5	-99.75	-100	-100	-96.25	-98.5
-15	-25	10.5	-9.5	9.75	28	-6.5	9	12.75	-89.5	60.25	9.75	-100	-99	10	-9.5	9.75	25.5	-70.25	12.25
-10.5	-52.25	-36.75	-86.75	21.25	9.5	-100	15.5	-9.25	-100	6.5	7.5	-88.25	-19.75	55	10.25	25.5	23	16	-8.75
-100	-100	-95.75	6.25	-3	-39.5	-100	-85.75	-93.25	-97.5	17	4	-99.5	-89.5	-79.5	3.5	-60.75	-30.75	-100	-45
-32.25	-24.75	-93.75	-99.5	78.5	-82.5	-97	-9.5	-84.75	-90.5	-40	19.75	-100	-100	0	-100	15.5	-20	-80.5	-64.5
-90	-94.5	-89.5	-100	4	-100	-99.5	-100	-92	-96.25	5	-89.5	-97.25	-100	4.75	-98.75	-19.5	8	-93.5	-84.5
53.5	80	51.75	-98.5	-14	-91.5	-2.75	71	33.75	-97.75	-51.25	-69.75	-69	7.75	94	-97.25	39.75	25	75.5	10
70.5	70	70.25	-3.25	70.5	-60	-91	44.75	70.75	4.5	20.25	10	-100	-65.5	84.75	-79.25	30	58.5	56.75	59.75
